0.026025 0.030308 0.028526 0.016314 -0.003695 0.034866 0.041421 0.045694 0.043352 0.022522 0.032502 0.029730 0.008410 0.000522 -0.007358 -0.140872 -0.203850 -0.269438 -0.248077 -0.203673 -0.292872 -0.402552 -0.416298 -0.411794 -0.400146
-0.017827 -0.017281 -0.037600 -0.048350 -0.030453 0.194479 0.198767 0.202313 0.194552 0.179063 0.373722 0.404270 0.399370 0.389087 0.366290 0.109935 0.128176 0.140425 0.074963 0.052138 -0.005094 -0.016468 -0.000441 -0.009248 -0.037674
-0.227662 -0.157345 -0.225338 -0.116154 -0.094238 -0.280294 -0.214072 -0.282876 -0.174579 -0.195274 -0.317342 -0.221868 -0.310969 -0.182259 -0.253991 -0.253642 -0.191804 -0.252859 -0.162221 -0.200539 -0.022323 -0.012030 -0.025285 -0.001970 0.001253
0.022989 0.040326 0.051573 -0.042398 -0.372171 -0.015195 0.013710 0.051028 -0.088507 -0.451025 0.000413 0.030571 0.054522 -0.078434 -0.465920 -0.002086 0.035267 0.048808 -0.093942 -0.462261 -0.023507 0.003136 0.034297 -0.094068 -0.420390
0.305687 0.332530 0.292706 0.314035 0.327253 0.134037 0.162252 0.151739 0.135316 0.120169 -0.033982 -0.028038 -0.031422 -0.055152 -0.043815 0.014354 0.057577 0.048222 0.036835 0.046220 0.212146 0.280686 0.331868 0.299332 0.252520
-0.271846 -0.327835 -0.346966 -0.365010 -0.194679 -0.277290 -0.305302 -0.354046 -0.393625 -0.240773 0.013222 -0.001118 -0.021443 -0.017633 0.001345 0.054149 0.051133 0.053337 0.051602 0.043800 0.036776 0.016079 0.028893 0.040230 0.027602
-0.002880 -0.002319 -0.037966 -0.032008 -0.033832 -0.001811 0.037125 -0.013440 -0.093400 -0.143494 -0.025549 0.038610 -0.069745 -0.312506 -0.345765 -0.010759 -0.023888 -0.182266 -0.426354 -0.420039 -0.090987 -0.086620 -0.219252 -0.373862 -0.381490
-0.190373 -0.203614 -0.203121 -0.205275 -0.199334 -0.200893 -0.195822 -0.198943 -0.205945 -0.200707 -0.203787 -0.190957 -0.186035 -0.204960 -0.198711 -0.203460 -0.191638 -0.198246 -0.200634 -0.202014 -0.204226 -0.202245 -0.207866 -0.204328 -0.195030
-0.212687 -0.132889 -0.149806 -0.251382 -0.220394 -0.242081 -0.210092 -0.202588 -0.258810 -0.240046 -0.234108 -0.233992 -0.173865 -0.200053 -0.246974 -0.165201 -0.121518 -0.112163 -0.183960 -0.212455 -0.223097 -0.115063 -0.137582 -0.222469 -0.169271
0.036393 0.042977 0.040243 0.026533 0.026032 0.030214 0.041953 0.012354 0.014157 0.011651 -0.201088 -0.133300 -0.207553 -0.228661 -0.218363 -0.367641 -0.201671 -0.391181 -0.329940 -0.282101 -0.282236 -0.138842 -0.278577 -0.229310 -0.207353
0.214816 0.202781 0.201899 0.159741 0.170123 0.197895 0.228397 0.212618 0.125140 0.159126 0.215892 0.231651 0.203702 0.132345 0.183757 0.222987 0.226099 0.221018 0.202818 0.218925 0.201826 0.214737 0.225346 0.183429 0.192144
0.228110 0.221135 0.213873 0.215806 0.198620 0.201104 0.207479 0.223687 0.210103 0.185858 0.198929 0.194913 0.217354 0.213753 0.181347 0.212432 0.205870 0.199726 0.167900 0.143511 0.235024 0.213782 0.215800 0.149874 0.074485
-0.240778 -0.279239 -0.265263 -0.261131 -0.252388 -0.252336 -0.235864 -0.200402 -0.204438 -0.195175 -0.240114 -0.217627 -0.178617 -0.164732 -0.156496 -0.206129 -0.229573 -0.216103 -0.219385 -0.199408 -0.010298 -0.020235 -0.031256 -0.035589 -0.036734
-0.025128 -0.233090 -0.148284 -0.078213 -0.095965 -0.076704 -0.366827 -0.218940 -0.148449 -0.194588 -0.112555 -0.375893 -0.209498 -0.170193 -0.236433 -0.080942 -0.354809 -0.193121 -0.111642 -0.135780 -0.043314 -0.323637 -0.222418 -0.089643 -0.109367
0.007142 0.022744 0.060989 0.234294 0.305885 -0.000713 0.065209 0.218061 0.324437 0.326980 0.051518 0.214062 0.355592 0.265597 0.155252 0.131315 0.306278 0.314527 0.186742 0.099642 0.107276 0.122157 0.141369 0.102580 0.044609
0.273730 0.286797 0.207097 0.227368 0.204955 0.171840 0.231659 0.172028 0.214581 0.169903 0.288620 0.326883 0.245071 0.325953 0.303560 0.136558 0.125872 0.076786 0.108833 0.118070 -0.030270 -0.033932 -0.026667 -0.025663 -0.017572
-0.248522 -0.067604 -0.047379 -0.209548 -0.209138 -0.230899 -0.096767 -0.067537 -0.205482 -0.252512 -0.238589 -0.133879 -0.124670 -0.241919 -0.261263 -0.218762 -0.104602 -0.156231 -0.272099 -0.257019 -0.192708 -0.099361 -0.195577 -0.281890 -0.255638
-0.226709 -0.156649 -0.156089 -0.243498 -0.198443 -0.114320 -0.093927 -0.085248 -0.141417 -0.137559 -0.034981 -0.017187 0.002822 -0.060163 -0.063223 -0.269525 -0.279766 -0.255053 -0.310779 -0.322399 -0.218158 -0.238973 -0.222523 -0.264459 -0.288376
-0.123576 -0.169805 -0.212950 -0.205501 -0.170487 -0.175957 -0.174804 -0.204790 -0.211627 -0.181666 -0.208951 -0.214129 -0.206855 -0.213777 -0.176744 -0.214615 -0.214083 -0.208545 -0.218085 -0.196870 -0.224082 -0.218585 -0.219916 -0.216310 -0.184175
0.016522 0.025541 0.017189 -0.000035 -0.002167 0.000927 -0.031887 -0.030537 -0.045407 -0.034317 -0.222869 -0.292646 -0.275044 -0.302174 -0.273009 -0.236439 -0.331517 -0.240201 -0.275936 -0.252722 -0.159352 -0.291363 -0.223453 -0.194551 -0.234949
0.148448 0.283894 0.252775 0.165316 0.231013 0.131671 0.289796 0.291686 0.170477 0.211618 0.123578 0.274646 0.285922 0.133457 0.068928 0.166770 0.278195 0.266588 0.118594 0.033123 0.159035 0.183563 0.186672 0.104647 0.036001
0.245293 0.231133 0.200921 0.183659 0.219112 0.164228 0.160063 0.203978 0.178106 0.179639 0.148479 0.105305 0.185906 0.225269 0.177767 0.198048 0.195715 0.220945 0.203066 0.189429 0.235372 0.231602 0.240155 0.219789 0.193860
-0.030560 -0.037225 0.032475 0.298562 0.291255 -0.027482 -0.041187 0.008818 0.322458 0.332387 -0.030531 -0.038489 0.015674 0.334171 0.304901 -0.030894 -0.042721 0.013115 0.336919 0.321477 -0.021452 -0.029864 0.016822 0.291797 0.302950
0.026064 0.027925 0.030621 0.025969 0.020649 -0.129081 -0.166210 -0.148498 -0.163149 -0.170324 -0.260668 -0.263453 -0.224779 -0.241147 -0.271639 -0.233217 -0.241453 -0.221408 -0.244892 -0.196118 -0.253220 -0.272222 -0.242167 -0.226670 -0.215222
-0.429049 -0.159261 -0.012938 0.000834 0.014558 -0.476949 -0.165882 0.009991 0.019091 0.005745 -0.457686 -0.124445 0.045458 0.035024 0.002500 -0.406003 -0.079025 0.052312 0.031783 0.013261 -0.345800 -0.086991 0.045493 0.042891 0.018873
0.321610 0.436152 0.324941 0.130662 0.197727 0.340193 0.430542 0.345592 0.114614 0.181572 0.175059 0.173466 0.089265 0.010320 0.011615 0.041644 -0.015611 -0.032275 -0.035455 -0.047991 0.009388 -0.036090 -0.018018 -0.010102 -0.024603
-0.272719 -0.234389 -0.250460 -0.175407 -0.052638 -0.223132 -0.218318 -0.258126 -0.181810 0.002583 -0.218075 -0.194229 -0.262628 -0.198406 0.018115 -0.227548 -0.211329 -0.267284 -0.161750 0.030436 -0.225509 -0.232112 -0.254498 -0.136300 0.016800
0.225088 0.224134 0.229353 0.235100 0.239726 0.221515 0.220073 0.216187 0.203325 0.192814 0.200997 0.215961 0.236178 0.207864 0.188725 0.231358 0.215903 0.195223 0.194452 0.189360 0.133902 0.131297 0.111197 0.103106 0.138818
-0.190390 -0.194816 -0.216414 -0.178107 -0.201426 -0.202844 -0.215165 -0.214139 -0.202638 -0.210182 -0.186989 -0.209829 -0.209582 -0.186377 -0.187817 -0.209715 -0.214482 -0.204887 -0.202878 -0.212442 -0.196816 -0.204433 -0.203172 -0.134911 -0.192203
0.367621 0.241779 0.136438 0.333510 0.222863 0.366585 0.272782 0.166348 0.340152 0.222350 0.196606 0.184603 0.174586 0.290537 0.172189 -0.006983 -0.024432 -0.021987 0.023387 -0.010340 0.001239 -0.033228 -0.042865 -0.041465 -0.039469
0.047643 0.041803 0.044036 0.045311 0.040550 0.043923 -0.001888 -0.022246 -0.025028 -0.027069 -0.039144 -0.223244 -0.313761 -0.239502 -0.312040 -0.129327 -0.289361 -0.289911 -0.177292 -0.374486 -0.138128 -0.262280 -0.247676 -0.209797 -0.364154
-0.238016 -0.257104 -0.262468 -0.270039 -0.271898 -0.142003 -0.165877 -0.171051 -0.225948 -0.214626 -0.125551 -0.098167 -0.125803 -0.201151 -0.175407 -0.233492 -0.207362 -0.156664 -0.181043 -0.191676 -0.212355 -0.218804 -0.182110 -0.154467 -0.182824
-0.023774 0.061614 0.339327 0.219736 0.009919 -0.031910 0.074450 0.436841 0.305570 0.062513 -0.034580 0.044558 0.410342 0.284463 0.058177 -0.037898 0.017103 0.365864 0.215382 0.014717 -0.042539 -0.006101 0.241211 0.192857 0.046489
-0.031391 -0.020734 -0.024292 -0.032461 -0.036732 -0.043161 -0.044673 -0.046915 -0.048035 -0.049587 0.006600 0.012163 0.016675 -0.000933 -0.005802 0.355506 0.278874 0.273724 0.308301 0.327322 0.376568 0.270452 0.330678 0.319296 0.277033
-0.022355 -0.136877 -0.213745 -0.210035 -0.164543 -0.018606 -0.199113 -0.338155 -0.291195 -0.269417 -0.064453 -0.235849 -0.330426 -0.253611 -0.297103 -0.057866 -0.169480 -0.271860 -0.247278 -0.245601 0.045217 0.024614 0.018169 -0.013290 -0.003907
0.277479 0.263023 0.191867 -0.007706 -0.023159 0.303253 0.271425 0.228541 -0.012793 -0.027208 0.237896 0.270184 0.235822 -0.005505 -0.019474 0.251438 0.287566 0.264840 0.009016 -0.022001 0.270594 0.275917 0.213541 -0.003931 -0.021072
0.200035 0.199992 0.199401 0.197854 0.184042 0.203109 0.200778 0.201133 0.199474 0.195342 0.202602 0.201596 0.201663 0.204110 0.202211 0.200604 0.199501 0.194800 0.199780 0.202144 0.197805 0.203988 0.201294 0.201928 0.203814
-0.295329 -0.309909 -0.345749 -0.379882 -0.324223 -0.125775 -0.162504 -0.197246 -0.279859 -0.257345 -0.025015 -0.059133 -0.012832 -0.097723 -0.163064 -0.049550 -0.037986 0.013940 -0.152271 -0.266263 -0.052030 -0.025041 -0.021212 -0.162828 -0.230619
0.374828 0.394385 0.354226 0.387029 0.399603 0.228523 0.217278 0.187765 0.242083 0.250262 -0.023134 -0.039676 -0.042768 -0.032208 -0.012755 -0.027369 -0.034679 -0.032967 -0.018059 -0.014666 -0.031211 -0.024484 -0.026320 -0.028594 -0.035895
-0.280150 -0.170449 -0.136762 -0.209952 -0.177715 -0.279843 -0.175518 -0.108146 -0.235226 -0.188395 -0.259371 -0.116067 -0.057257 -0.227344 -0.232760 -0.280740 -0.108932 -0.078480 -0.262104 -0.258196 -0.214670 -0.101242 -0.096980 -0.230834 -0.212947
0.165895 0.124950 0.131780 0.250215 0.279069 0.123604 0.121244 0.092748 0.209056 0.275839 0.176729 0.208606 0.185800 0.228790 0.253612 0.144608 0.186112 0.181760 0.238584 0.212849 0.108334 0.188396 0.232335 0.251909 0.243363
-0.217106 -0.178352 -0.157094 -0.158095 -0.184168 -0.212873 -0.190460 -0.197846 -0.199405 -0.224606 -0.201371 -0.186393 -0.209695 -0.221870 -0.215332 -0.213521 -0.205967 -0.212882 -0.199801 -0.199015 -0.222949 -0.209893 -0.207213 -0.172720 -0.179646
-0.252672 -0.304436 -0.296391 -0.249894 -0.222510 -0.252030 -0.308852 -0.324428 -0.293288 -0.229944 -0.214740 -0.233487 -0.215306 -0.229997 -0.192173 -0.004362 0.006520 0.015560 -0.011341 -0.003111 0.033569 0.031337 0.025586 0.015881 0.018493
-0.073875 -0.048608 -0.078615 -0.138318 -0.125110 -0.344566 -0.382371 -0.427460 -0.412142 -0.348045 -0.242863 -0.255890 -0.218073 -0.134710 -0.129114 -0.028196 0.013962 0.029875 0.033400 0.031538 0.009450 0.012167 0.029055 0.017771 0.018383
0.175326 0.142512 0.101880 0.096976 0.086034 0.155009 0.148298 0.113715 0.084687 0.064394 0.210164 0.160559 0.140332 0.150904 0.144759 0.324901 0.269259 0.246249 0.274765 0.275155 0.285624 0.278044 0.245265 0.224981 0.241993
0.009107 0.021728 0.030925 0.025592 0.030548 0.036127 0.043885 0.047649 0.043961 0.042364 0.005067 -0.026845 -0.035464 -0.020561 0.003526 -0.337107 -0.412893 -0.434779 -0.437875 -0.346158 -0.159698 -0.224498 -0.184424 -0.210909 -0.214756
0.032075 -0.023454 -0.006428 -0.003945 -0.033507 0.208164 0.109479 0.203345 0.189550 0.125717 0.340947 0.151803 0.305340 0.332315 0.176479 0.291079 0.081558 0.288995 0.274125 0.068417 0.264257 0.081362 0.250495 0.272418 0.081292
0.022750 0.029830 0.026506 0.025256 0.027873 0.001726 -0.006104 -0.009017 0.014481 0.041866 -0.109465 -0.236023 -0.295282 -0.154349 -0.029745 -0.136080 -0.442085 -0.425024 -0.173188 -0.060522 -0.114443 -0.417964 -0.398618 -0.168680 -0.106782
-0.014995 -0.017273 -0.007959 -0.013714 -0.028350 0.209331 0.270814 0.273626 0.164893 0.157714 0.230651 0.201349 0.249945 0.212486 0.255457 0.138305 0.146011 0.208631 0.232157 0.245470 0.228666 0.251400 0.271515 0.245710 0.199986
-0.149241 -0.234675 -0.233268 -0.222834 -0.229201 -0.173007 -0.254370 -0.232189 -0.214112 -0.222801 -0.157159 -0.251360 -0.224369 -0.198439 -0.223892 -0.134555 -0.186838 -0.134084 -0.191901 -0.241873 -0.109698 -0.168285 -0.138728 -0.157884 -0.208441
0.202290 0.208294 0.203990 0.201798 0.209290 0.209425 0.205828 0.207619 0.206991 0.217194 0.211452 0.204895 0.207299 0.214466 0.213543 0.192500 0.191005 0.209741 0.214863 0.209899 0.181935 0.167601 0.187323 0.173719 0.121378
-0.312241 -0.194340 -0.304599 -0.255218 -0.209922 -0.352115 -0.213970 -0.345497 -0.286243 -0.224703 -0.267136 -0.166991 -0.231087 -0.219032 -0.183550 -0.009212 0.007064 0.006467 0.000025 0.002941 0.029881 0.031933 0.039527 0.043092 0.036877
0.134502 0.202728 0.207845 0.199992 0.075544 0.302661 0.207584 0.219499 0.355358 0.140837 0.334526 0.282772 0.205623 0.281747 0.101630 0.170396 0.264545 0.233943 0.200653 0.056469 0.013166 0.006121 -0.012231 -0.019354 -0.033563
-0.193709 -0.090931 -0.055172 -0.099584 -0.226723 -0.214570 -0.107762 -0.050164 -0.122913 -0.293618 -0.180656 -0.059441 -0.015191 -0.062996 -0.271869 -0.283368 -0.130728 -0.067638 -0.117815 -0.292265 -0.299141 -0.269471 -0.234747 -0.265972 -0.353363
0.030584 0.031601 0.046115 0.047023 0.029413 0.037915 0.041713 0.048600 0.046002 0.040948 0.048143 0.052736 0.051418 0.052094 0.047446 -0.057551 -0.033779 -0.022745 -0.033649 -0.039241 -0.449798 -0.447348 -0.407303 -0.437887 -0.450667
0.248227 0.260637 0.242223 0.209882 0.240354 0.135565 0.129841 0.172227 0.126277 0.107549 0.138820 0.106003 0.222392 0.244916 0.185627 0.171260 0.190731 0.260914 0.271364 0.243858 0.164212 0.158843 0.193182 0.222076 0.193435
-0.251300 -0.030581 -0.053047 -0.265796 -0.295813 -0.294719 -0.060688 -0.038083 -0.240244 -0.354740 -0.302882 -0.077503 -0.048041 -0.225771 -0.312491 -0.257441 -0.068195 -0.069832 -0.229333 -0.254440 -0.111763 -0.032213 -0.044800 -0.144805 -0.145188
0.153950 0.284540 0.207099 0.017874 -0.019722 0.145904 0.325788 0.297677 0.012799 -0.039605 0.083621 0.314424 0.307635 0.025173 -0.047189 0.091793 0.305460 0.347583 0.061287 -0.031410 0.112480 0.261632 0.335399 0.097839 -0.012565
-0.180560 -0.206801 -0.208752 -0.213959 -0.045951 -0.232498 -0.226597 -0.226077 -0.248864 -0.034133 -0.233824 -0.243028 -0.230075 -0.241226 -0.038926 -0.205179 -0.259784 -0.246211 -0.251082 -0.069795 -0.183202 -0.186217 -0.177166 -0.212223 -0.066269
-0.005424 -0.025741 -0.038643 -0.045898 -0.024302 0.009662 -0.036128 -0.052596 -0.052961 -0.041492 0.182016 0.080623 -0.002816 -0.010863 0.015391 0.444929 0.377571 0.156382 0.080022 0.166793 0.399836 0.460903 0.302149 0.185142 0.222174
0.112770 0.071712 0.117232 0.159800 0.153107 0.071858 0.113564 0.170604 0.187204 0.165763 0.195533 0.226708 0.264689 0.268378 0.277622 0.184977 0.205912 0.285282 0.307007 0.276243 0.114435 0.127265 0.208289 0.237444 0.208131
0.021377 0.021018 0.009203 0.016565 -0.010961 -0.066971 -0.077272 -0.076752 -0.070550 -0.107287 -0.283509 -0.273156 -0.233924 -0.277010 -0.336404 -0.323279 -0.277363 -0.200796 -0.207522 -0.348538 -0.271053 -0.175076 -0.045817 -0.076552 -0.260365
-0.189969 -0.185359 -0.193622 -0.188458 -0.162382 -0.196787 -0.192245 -0.198940 -0.188184 -0.174862 -0.205132 -0.202806 -0.208216 -0.205751 -0.190485 -0.208300 -0.211013 -0.209065 -0.211719 -0.203196 -0.210392 -0.214634 -0.213979 -0.214590 -0.209389
-0.054493 -0.044826 -0.098039 -0.139295 -0.149543 -0.189094 -0.191087 -0.237541 -0.230959 -0.189852 -0.219142 -0.240054 -0.218494 -0.195262 -0.199409 -0.253752 -0.220902 -0.188161 -0.167351 -0.219331 -0.265696 -0.240077 -0.205174 -0.187601 -0.253090
-0.162681 -0.214593 -0.214210 -0.200228 -0.212037 -0.155241 -0.214267 -0.215152 -0.210415 -0.219076 -0.119680 -0.194167 -0.212541 -0.204895 -0.176426 -0.127516 -0.192387 -0.215316 -0.213074 -0.202523 -0.173986 -0.227144 -0.226983 -0.232181 -0.210540
-0.190123 -0.152265 -0.162921 -0.211844 -0.216324 -0.217371 -0.197387 -0.203901 -0.214406 -0.213384 -0.201994 -0.210812 -0.213025 -0.211339 -0.204387 -0.215202 -0.213584 -0.203452 -0.157887 -0.186541 -0.200419 -0.215488 -0.175343 -0.165241 -0.219996
-0.205823 -0.199086 -0.205480 -0.204086 -0.194417 -0.202468 -0.208871 -0.205541 -0.199106 -0.202231 -0.199549 -0.205695 -0.204095 -0.201508 -0.153190 -0.206304 -0.202320 -0.196337 -0.204057 -0.185368 -0.203881 -0.204120 -0.192550 -0.211216 -0.195197
0.145445 0.214691 0.068136 0.064301 0.270734 0.310648 0.311503 0.060637 0.042068 0.393911 0.263527 0.245066 0.018139 0.052902 0.370350 0.179170 0.208994 0.072724 0.105969 0.329909 0.062491 0.043469 0.006930 0.008781 0.140293
0.100642 0.200927 0.368860 0.372929 0.329512 0.080284 0.163998 0.340693 0.402250 0.357226 0.024884 0.020382 0.118660 0.227377 0.235235 -0.015725 -0.033043 -0.024112 0.009283 0.045471 0.000683 0.003257 -0.007260 -0.016185 -0.020223
-0.189457 -0.187116 -0.187305 -0.209456 -0.191939 -0.241767 -0.228301 -0.237164 -0.266233 -0.195871 -0.268146 -0.212824 -0.196246 -0.223121 -0.201129 -0.253814 -0.162062 -0.152548 -0.254351 -0.246236 -0.107317 -0.060881 -0.052926 -0.136857 -0.123495
0.001362 -0.038716 0.015393 0.118550 0.003930 0.169290 0.042906 0.113743 0.302138 0.109359 0.337634 0.128724 0.081106 0.405074 0.140292 0.329569 0.160798 0.095570 0.422443 0.120794 0.222291 0.108431 0.104574 0.305182 0.121241
-0.155542 -0.225794 -0.225989 -0.224598 -0.237481 -0.195298 -0.227353 -0.196768 -0.162891 -0.181744 -0.235552 -0.243281 -0.227109 -0.166389 -0.197697 -0.224611 -0.246331 -0.259021 -0.270557 -0.283775 -0.016705 -0.030302 -0.034339 -0.071447 -0.079677
0.222156 0.250897 0.246349 0.245119 0.255331 0.244578 0.282442 0.233968 0.216248 0.242103 0.155633 0.219104 0.166221 0.141974 0.176077 0.183414 0.170536 0.067960 0.151247 0.214054 0.170615 0.146676 0.089734 0.124720 0.201838
0.012371 -0.000448 -0.007019 -0.009183 0.009753 -0.016493 -0.017377 -0.010166 -0.017651 0.026123 -0.246498 -0.193065 -0.066564 -0.122950 -0.116281 -0.372147 -0.294579 -0.082082 -0.250121 -0.268380 -0.327097 -0.407341 -0.220253 -0.280104 -0.316793
0.240715 0.230438 0.221114 0.251453 0.237059 0.241401 0.224768 0.205624 0.231456 0.216232 0.230426 0.264480 0.216527 0.191526 0.160438 0.240504 0.246590 0.167015 0.041862 0.034652 0.209687 0.195941 0.057068 -0.006429 0.041531
0.000329 0.011651 -0.106018 -0.285604 -0.240440 0.035813 0.009611 -0.169309 -0.306401 -0.266545 -0.001259 -0.041894 -0.238511 -0.312876 -0.247639 0.003095 -0.055542 -0.272526 -0.353206 -0.271595 0.024122 -0.021548 -0.159695 -0.259209 -0.258441
-0.232461 -0.326249 -0.086872 0.021745 0.034549 -0.251689 -0.383096 -0.078466 0.030256 0.019672 -0.291815 -0.389901 -0.081907 0.021179 0.019107 -0.256465 -0.357284 -0.064746 0.029412 0.028336 -0.258133 -0.313585 -0.048318 0.034547 0.016052
-0.198233 -0.194522 -0.216548 -0.207261 -0.190375 -0.237113 -0.226408 -0.247575 -0.249714 -0.258410 -0.168317 -0.155578 -0.162568 -0.134514 -0.173417 -0.169159 -0.145438 -0.161713 -0.140906 -0.161860 -0.228132 -0.232920 -0.222747 -0.229044 -0.203440
0.199036 0.199611 0.199910 0.200111 0.200056 0.199533 0.199547 0.200122 0.200152 0.200258 0.199690 0.199814 0.200455 0.200247 0.200596 0.199714 0.199734 0.200373 0.200551 0.200616 0.199534 0.199625 0.200146 0.200346 0.200216
0.114142 0.123959 0.097250 0.128138 0.090773 0.228112 0.233364 0.207726 0.255978 0.167827 0.285632 0.321917 0.285581 0.294596 0.217564 0.190066 0.276181 0.230469 0.166796 0.104949 0.128176 0.179091 0.154153 0.115034 0.058408
0.182575 0.195572 0.206302 0.199433 0.192531 0.206118 0.204615 0.210888 0.206331 0.200135 0.207280 0.210353 0.213687 0.207808 0.206064 0.203918 0.205536 0.200503 0.210346 0.211499 0.178692 0.187534 0.187623 0.176442 0.180556
0.196645 0.045823 0.154701 0.290132 0.112647 0.344365 0.068252 0.140939 0.402271 0.128295 0.348431 0.128816 0.133424 0.372413 0.111641 0.284657 0.137058 0.142938 0.271249 0.119272 0.014771 -0.032407 -0.014018 0.001242 -0.023932
0.275587 0.287704 0.271046 0.133109 0.038814 0.278764 0.280828 0.265373 0.092208 0.010148 0.275560 0.280175 0.211211 0.042512 -0.006096 0.294016 0.246377 0.165014 0.036627 -0.007784 0.264056 0.216833 0.136595 0.023121 0.019666
0.442146 0.466585 0.425472 0.445631 0.420114 0.029126 0.018759 0.007956 0.021963 0.026736 -0.049996 -0.051221 -0.050008 -0.049068 -0.050170 -0.042336 -0.038303 -0.045341 -0.044368 -0.037666 -0.032702 -0.035320 -0.039618 -0.041312 -0.037296
-0.198596 -0.199282 -0.199424 -0.206071 -0.204388 -0.202949 -0.198840 -0.204511 -0.196008 -0.200624 -0.203730 -0.202317 -0.202031 -0.198833 -0.193324 -0.198487 -0.182976 -0.201095 -0.202739 -0.202668 -0.204831 -0.196568 -0.203825 -0.203694 -0.190601
-0.051761 -0.325676 -0.296404 -0.195737 -0.357762 -0.047840 -0.349137 -0.299796 -0.170914 -0.363933 -0.094761 -0.282976 -0.271413 -0.147921 -0.197602 -0.035943 -0.121916 -0.122050 -0.055747 -0.020977 0.019131 -0.006085 0.012007 0.029417 0.041395
-0.115264 -0.029765 0.015396 0.023572 0.024721 -0.327575 -0.196654 -0.038143 0.003415 0.019971 -0.446684 -0.295311 -0.078110 0.016860 0.021167 -0.442019 -0.288326 -0.083185 0.029084 0.031388 -0.400244 -0.286754 -0.114803 -0.010975 0.005075
0.343377 0.303137 0.192044 0.216299 0.382174 0.357234 0.330481 0.295752 0.246014 0.372858 0.078740 0.069053 0.087160 0.052648 0.081922 -0.041881 -0.035052 -0.037524 -0.039295 -0.039087 -0.012742 -0.013117 -0.017041 -0.018394 -0.012390
-0.199076 -0.198630 -0.198826 -0.199625 -0.199897 -0.199587 -0.200136 -0.200336 -0.200535 -0.200316 -0.199797 -0.200186 -0.200480 -0.200749 -0.199753 -0.199632 -0.200149 -0.200608 -0.200973 -0.199761 -0.199481 -0.199763 -0.200350 -0.200748 -0.200584
-0.202815 -0.199130 -0.197887 -0.201513 -0.201744 -0.205518 -0.198250 -0.192895 -0.198360 -0.205671 -0.205101 -0.204595 -0.187405 -0.175178 -0.206536 -0.203290 -0.196463 -0.203640 -0.198505 -0.204906 -0.206331 -0.205895 -0.200236 -0.202848 -0.192269
-0.007183 0.008928 0.009179 0.013296 0.023175 -0.220454 -0.247376 -0.214781 -0.174459 -0.134968 -0.259261 -0.252938 -0.241673 -0.243305 -0.246921 -0.240218 -0.171571 -0.169176 -0.206458 -0.231960 -0.273589 -0.216390 -0.198385 -0.218392 -0.252597
-0.069088 -0.076746 -0.288124 -0.245027 -0.042979 -0.090857 -0.083456 -0.335514 -0.326649 -0.097671 -0.136934 -0.073213 -0.224437 -0.296910 -0.111424 -0.138942 -0.063433 -0.228057 -0.308613 -0.130542 -0.138702 -0.111581 -0.260245 -0.331218 -0.169148
-0.210862 -0.227692 -0.235749 -0.246807 -0.282965 -0.020672 -0.031911 -0.117932 -0.056868 -0.058810 -0.010776 -0.064344 -0.199038 -0.145685 -0.070804 -0.127927 -0.282490 -0.313176 -0.209976 -0.157679 -0.211882 -0.300612 -0.327762 -0.254015 -0.211107
-0.021164 0.179445 0.262476 0.153371 0.193619 -0.017032 0.159465 0.269342 0.216959 0.277828 -0.007575 0.154136 0.217023 0.203044 0.295430 -0.025592 0.203364 0.237053 0.187022 0.261947 0.003124 0.228151 0.242124 0.182833 0.263798
-0.040314 -0.044944 -0.030189 0.005432 0.014652 -0.023136 -0.113377 -0.212998 -0.154484 -0.099146 -0.010340 -0.157015 -0.401892 -0.304502 -0.235880 0.013691 -0.110516 -0.394393 -0.296750 -0.186674 0.004691 -0.094178 -0.323993 -0.351815 -0.199037
0.213808 0.206353 0.210966 0.205526 0.192305 0.204599 0.209763 0.209821 0.173286 0.173575 0.202174 0.209987 0.204211 0.175574 0.156565 0.209162 0.204721 0.198133 0.202115 0.199286 0.210256 0.205963 0.192733 0.207714 0.208622
0.027643 -0.004210 0.016311 0.094399 0.056964 0.274096 0.221045 0.159120 0.253762 0.234023 0.158103 0.322142 0.233404 0.252722 0.144234 0.249340 0.281868 0.240292 0.336909 0.216844 0.185423 0.083705 0.081959 0.167599 0.119670
-0.052814 0.027005 0.028949 0.028281 0.032155 -0.096278 -0.045209 -0.044067 -0.050868 -0.009175 -0.330345 -0.298117 -0.301749 -0.288284 -0.257140 -0.283301 -0.343750 -0.376326 -0.326566 -0.301871 -0.016317 -0.028014 -0.026630 0.004547 -0.001792
-0.156716 -0.176692 -0.198959 -0.196231 -0.188522 -0.189558 -0.177667 -0.194590 -0.198053 -0.190385 -0.207211 -0.202476 -0.202352 -0.205094 -0.206560 -0.206539 -0.207821 -0.209647 -0.210058 -0.213952 -0.208068 -0.208896 -0.211778 -0.209855 -0.211247
0.217670 0.227647 0.217356 0.275813 0.222144 0.207159 0.234681 0.233275 0.278777 0.228368 0.222236 0.281451 0.235149 0.256725 0.264780 0.105877 0.113212 0.112432 0.201093 0.199250 0.009237 -0.004957 0.006771 0.082853 0.045993
